intrinsics:

619.82705134 0 327.63212108
0 619.87114373 234.29785387
0 0 1

distortion parameters:

0.12305536 -0.27317689 -0.00046486 0.0017545 0.16019445

Checker size: 3cm 7x5